001110000100
011000011000
000001101001
000000111100
010110100000
010010000011
000101001010
001010000101
001011010000
010110000010
000001001011
000000011110
000101101000
010010100001
010010110000
000100101100
000000001111
000001011010
011100001000
001011000001
001010010100
000100001110
010010010010
000000101101
000001111000
011000001001
001111000000
100101100000
000111000100
100000010110
100001000011
111000010000
100101000010
100000110100
100001100001
100000100101
100100000110
111000000001
100001010010
100000000111
100100100100
111100000000
000011100001
000010110100
010100101000
010000001011
001100001100
011010010000
010100001010
000011000011
000010010110
000111100000
010000101001
001000001101
001001011000
011110000000
001001001001
001000011100
010000111000
000110100100
000010000111
000011010010
011010000001
001101001000
000110000110
010000011010
000010100101
000011110000
110000100001
110100000010
101001010000
101000000101
110000000011
110100100000
100011100000
101100000100
101101000000
110000010010
101000010100
101001000001
110000110000
